AfterTouchActive=1
LightOnKeyStrokes=1
InvertFootController=0
InvertSustain=0
ExprCtrlSensivity=0
VelocityIntrvlTbl=1 2 3 4 5 6 7 8 9 10 11 12 13 14 15 16 17 18 19 20 21 22 23 24 25 26 27 28 29 30 31 32 33 34 35 36 37 38 39 40 41 42 43 44 45 46 47 48 49 50 51 52 53 54 55 56 57 58 60 61 62 63 64 66 67 68 70 71 72 73 74 76 77 79 81 82 84 86 88 90 92 94 96 98 101 104 107 111 115 119 124 129 134 140 146 152 159 170 171 175 180 185 190 195 200 205 210 215 220 225 230 235 240 245 250 255 260 265 270 275 280 285 290 295 300 305 310 315
NoteOnOffVelocityCrvTbl=1 1 1 1 1 1 1 1 1 1 1 1 1 1 1 1 1 1 1 1 1 1 1 1 1 1 1 1 1 1 1 1 2 2 2 2 2 2 2 2 2 2 3 3 3 3 3 3 4 4 4 4 5 5 5 5 6 6 6 7 7 8 8 9 9 10 10 11 11 12 13 13 14 15 16 16 17 18 19 20 21 22 23 24 25 26 27 29 30 31 33 34 36 37 39 40 42 44 46 48 49 51 53 56 58 60 62 64 67 69 72 75 77 80 83 86 89 92 95 98 101 105 108 112 116 119 123 127
FaderConfig=1 2 2 2 3 3 3 4 4 4 5 5 6 6 6 7 7 7 8 8 9 9 9 10 10 10 11 11 12 12 12 13 13 14 14 14 15 15 16 16 17 17 17 18 18 19 19 20 20 20 21 21 22 22 23 23 24 24 25 25 26 26 27 27 28 28 29 29 30 31 31 32 32 33 33 34 35 35 36 37 37 38 39 39 40 41 41 42 43 44 45 45 46 47 48 49 50 51 52 53 55 56 57 59 62 65 68 71 74 77 79 82 85 88 91 94 97 99 102 105 108 111 114 117 119 122 125 127
afterTouchConfig=0 2 3 5 6 8 9 10 12 13 14 16 17 18 20 21 22 24 25 26 27 28 30 31 32 33 34 36 37 38 39 40 41 43 44 45 46 47 48 49 50 51 52 53 54 55 57 58 59 60 61 62 63 64 65 66 67 68 69 70 70 71 72 73 74 75 76 77 78 79 80 81 82 83 84 85 85 86 87 88 89 90 91 92 92 93 94 95 96 97 98 99 99 100 101 102 103 104 104 105 106 107 108 109 110 111 112 112 113 114 115 116 116 117 118 119 120 120 121 122 123 123 124 125 126 126 127 0
LumaTouchConfig=1 1 1 1 1 1 1 1 1 1 1 1 1 1 1 1 1 1 1 1 1 2 2 2 2 2 2 2 2 2 2 2 2 2 2 2 3 3 3 3 3 3 3 3 4 4 4 4 4 5 5 5 5 6 6 6 7 7 8 8 8 9 9 10 10 11 11 12 12 13 14 14 15 16 17 18 18 19 20 21 22 23 24 25 26 27 29 30 31 33 34 35 37 38 40 42 43 45 47 49 50 52 54 56 59 61 63 65 68 70 73 75 78 81 83 86 89 92 95 99 102 105 109 112 116 119 123 127
